1111111110 ’1

xxxi

1110111111,

111101.

Cat. 111101.

1111. 120 1111111111. 97 os. xv. 100

xn.19 „
, 111137 ,,

3 1120

3 1111. 35 33
3 11115 3

31111943 gfff„

,1,55 ,.111119
,2603 111113
”261 „ 111. 61
2723 111111
,292,,111141
31111111. 173 111. 41

3101.

Cat.
11101 111. 14

Bion. '
11155.

11111111

vat. Μω.
11110146 9'· 111106

Cat. Μοσ.
11011111, 13 11. 11. 118

Β.

Hom.

Cat. Hom.
11111111. 9 cf.0. 111 16

...111113 Π,.,1113911388 ,,

,,11.,14 ,0..11183

13931111 11 mxx-6127 „

3.,112 11,11240
Ξ,111.,92’ ,11,,1168
31398 ’1111127
31111326 111111316
31111393 5.qu
311.3119 H.p.Ah12
3133,0111171
,,2031111111132
33224 ’1111579
3364, ’11.(1.40
31061111..11560
31323 ’(1.11103
33155 1111133
33162 ’11111409
,1,80, 1131157
32063111528

011 Hom.

11111111112251111 11111, 21

,, 3:261: 1113111.
32603 Η.(1.476

,, ..2681 ‚‚·011Lv1v4⁷422qu
1111163
3 32993 0.111.381

3 ,,309,,11,(1.182

3 33403 11..1111289
3 ,,3503111111122
3 ,,354311..1167

3 ,,360311. 11116, 218
3 ,,,368, 11.xv1.100
„ 111, 1330111, 518

3 1111111, Hks. 2011 xv. 681
’174”’ἐ.ἓ13124111,
,, 1111111. 10111. 11. 1. 429
‚‚ ,1201101111485
3111111133 011695

,, ,, 2703

 

